25/08/2015,14:47:33,40_weka_randomForest4,iHP,0.82,0.82,0.2175,0.845,0,0.0,normal,6,9,
