20/08/2015,02:51:48,10_weka_randomForest13,iHP,0.43,0.5700000000000001,0.47666666666666657,0.9299999999999999,9,0.01,can't advance,2,11,
